,국민,경제,세계,대통령,개혁,나라,정부,생각,협력,한국,사회,국가,발전,시대,노력,북한,추진,관계,문제,평화,오늘,정치,지역,감사,세기,지금,국제,교육,민족,모두,기업,중요,통일,역사,이제,기술,양국,변화,각하,문화,이번,안정,적극,번영,산업,건설,경쟁력,말씀,개발,자유,동안,환경,정책,자리,필요,제도,정보,지원,강화,정상,사람,미래,분야,한반도,민주,아시아,선거,방문,기대,계획,가장,개선,경쟁,남북,투자,중심,지방,역할,회의,민주주의,과제,금융,회담,어려움,참여,마련,해결,체제,미국,과학,안보,성장,확대,방안,태평양,바탕,조국,생활,여성,시장,계기,관련,기여,성공,개방,최근,구조,공동,총리,활동,의식,전쟁,선진국,지도자,교류,귀빈,물론,사업,최선,기회,먼저,진심,건강,유엔,과거,이상,과정,계속,노사,질서,복지,극복,친애,일본,지속,희망,축하,선진,수준,기원,인류,상호,규제,증진,가능,정신,무역,상황,차원,자신,실천,우리나라,자치,여러분,의지,창조,고통,내외,동포,마음,대책,공동체,시작,취임,의미
국민,0.0,1824.0,1219.0,1591.0,1368.0,911.0,1826.0,1225.0,453.0,803.0,803.0,1057.0,660.0,790.0,731.0,1024.0,921.0,631.0,943.0,601.0,203.0,933.0,514.0,221.0,444.0,132.0,549.0,607.0,381.0,364.0,457.0,430.0,464.0,353.0,85.0,472.0,151.0,398.0,196.0,354.0,232.0,555.0,439.0,219.0,309.0,303.0,533.0,331.0,431.0,223.0,347.0,504.0,519.0,187.0,391.0,440.0,283.0,299.0,453.0,160.0,225.0,282.0,245.0,354.0,258.0,73.0,279.0,95.0,348.0,398.0,0.0,579.0,285.0,466.0,389.0,168.0,324.0,244.0,62.0,237.0,243.0,283.0,234.0,270.0,294.0,266.0,313.0,248.0,272.0,288.0,290.0,213.0,329.0,243.0,87.0,250.0,122.0,539.0,45.0,173.0,157.0,321.0,135.0,201.0,236.0,137.0,299.0,96.0,49.0,199.0,269.0,111.0,176.0,81.0,73.0,16.0,1.0,230.0,207.0,151.0,1.0,111.0,52.0,52.0,259.0,208.0,220.0,101.0,226.0,170.0,293.0,98.0,155.0,99.0,325.0,235.0,54.0,177.0,245.0,38.0,100.0,85.0,159.0,131.0,148.0,130.0,139.0,207.0,147.0,161.0,131.0,93.0,194.0,156.0,139.0,81.0,159.0,65.0,96.0,155.0,169.0,111.0,102.0,108.0,98.0
경제,1824.0,0.0,1457.0,1514.0,1206.0,850.0,2379.0,1066.0,1283.0,957.0,998.0,944.0,971.0,592.0,672.0,1281.0,1253.0,879.0,1122.0,493.0,138.0,842.0,856.0,81.0,282.0,114.0,756.0,408.0,287.0,192.0,975.0,501.0,471.0,193.0,88.0,646.0,483.0,362.0,120.0,229.0,221.0,729.0,521.0,240.0,528.0,467.0,647.0,350.0,685.0,281.0,318.0,500.0,704.0,159.0,382.0,438.0,166.0,342.0,739.0,239.0,93.0,214.0,425.0,299.0,255.0,248.0,270.0,116.0,252.0,674.0,0.0,757.0,365.0,700.0,858.0,208.0,351.0,249.0,152.0,207.0,309.0,470.0,282.0,377.0,344.0,331.0,452.0,418.0,199.0,274.0,280.0,528.0,501.0,351.0,254.0,382.0,53.0,390.0,18.0,401.0,242.0,362.0,186.0,218.0,382.0,224.0,556.0,250.0,52.0,331.0,187.0,138.0,201.0,122.0,259.0,6.0,3.0,403.0,228.0,118.0,0.0,18.0,30.0,68.0,210.0,226.0,235.0,119.0,222.0,266.0,175.0,146.0,8.0,130.0,349.0,117.0,4.0,302.0,301.0,10.0,57.0,205.0,285.0,164.0,248.0,94.0,243.0,253.0,201.0,82.0,122.0,97.0,156.0,104.0,88.0,49.0,166.0,53.0,42.0,77.0,237.0,83.0,94.0,119.0,107.0
세계,1219.0,1457.0,0.0,585.0,851.0,1068.0,802.0,487.0,717.0,1042.0,621.0,1075.0,594.0,857.0,534.0,878.0,655.0,438.0,574.0,1012.0,222.0,521.0,546.0,123.0,599.0,90.0,605.0,345.0,548.0,199.0,447.0,355.0,441.0,264.0,105.0,366.0,228.0,477.0,81.0,347.0,162.0,248.0,334.0,434.0,333.0,280.0,411.0,151.0,307.0,282.0,187.0,226.0,349.0,175.0,201.0,191.0,336.0,187.0,264.0,145.0,119.0,335.0,335.0,404.0,154.0,261.0,61.0,77.0,259.0,174.0,2.0,218.0,483.0,299.0,263.0,406.0,111.0,275.0,111.0,168.0,182.0,119.0,174.0,100.0,184.0,198.0,206.0,218.0,222.0,172.0,168.0,225.0,208.0,107.0,231.0,212.0,153.0,157.0,50.0,216.0,125.0,119.0,284.0,133.0,373.0,100.0,127.0,156.0,22.0,166.0,127.0,175.0,127.0,87.0,152.0,29.0,2.0,117.0,104.0,81.0,1.0,45.0,6.0,137.0,116.0,137.0,87.0,44.0,186.0,207.0,128.0,58.0,29.0,94.0,165.0,117.0,44.0,158.0,238.0,30.0,304.0,73.0,116.0,73.0,107.0,111.0,219.0,79.0,118.0,76.0,88.0,123.0,37.0,109.0,154.0,100.0,76.0,53.0,219.0,57.0,83.0,134.0,92.0,72.0,80.0
대통령,1591.0,1514.0,585.0,0.0,1521.0,849.0,1540.0,2665.0,436.0,440.0,511.0,569.0,513.0,484.0,505.0,1161.0,905.0,760.0,1948.0,390.0,136.0,1054.0,489.0,105.0,152.0,142.0,505.0,487.0,113.0,100.0,504.0,629.0,292.0,267.0,94.0,178.0,203.0,298.0,280.0,48.0,201.0,306.0,236.0,91.0,206.0,177.0,382.0,553.0,404.0,99.0,437.0,116.0,585.0,114.0,635.0,398.0,122.0,260.0,313.0,450.0,454.0,166.0,196.0,260.0,152.0,57.0,534.0,151.0,185.0,405.0,0.0,364.0,122.0,754.0,319.0,89.0,510.0,181.0,84.0,153.0,133.0,389.0,529.0,184.0,95.0,112.0,467.0,329.0,346.0,106.0,115.0,153.0,158.0,298.0,72.0,160.0,23.0,356.0,11.0,176.0,130.0,467.0,88.0,132.0,236.0,179.0,170.0,82.0,72.0,114.0,140.0,68.0,81.0,41.0,152.0,54.0,1.0,160.0,202.0,270.0,1.0,31.0,54.0,19.0,317.0,197.0,360.0,156.0,130.0,83.0,48.0,17.0,4.0,209.0,130.0,77.0,9.0,56.0,101.0,8.0,23.0,76.0,128.0,82.0,232.0,59.0,151.0,195.0,140.0,295.0,103.0,135.0,241.0,20.0,129.0,69.0,97.0,50.0,3.0,171.0,236.0,29.0,111.0,369.0,145.0
개혁,1368.0,1206.0,851.0,1521.0,0.0,422.0,1145.0,716.0,228.0,409.0,786.0,606.0,380.0,491.0,487.0,670.0,1324.0,396.0,599.0,279.0,61.0,1140.0,265.0,91.0,188.0,115.0,511.0,886.0,194.0,162.0,229.0,251.0,251.0,218.0,100.0,271.0,43.0,756.0,75.0,206.0,148.0,238.0,275.0,72.0,263.0,208.0,544.0,390.0,333.0,85.0,321.0,185.0,423.0,67.0,253.0,547.0,85.0,164.0,459.0,154.0,185.0,207.0,314.0,150.0,156.0,38.0,316.0,37.0,193.0,251.0,0.0,403.0,275.0,393.0,219.0,137.0,357.0,123.0,76.0,70.0,275.0,386.0,194.0,180.0,158.0,284.0,249.0,199.0,79.0,121.0,86.0,131.0,166.0,269.0,36.0,171.0,33.0,299.0,51.0,169.0,92.0,246.0,62.0,204.0,310.0,78.0,234.0,28.0,35.0,172.0,286.0,64.0,74.0,26.0,49.0,2.0,0.0,157.0,139.0,89.0,1.0,29.0,27.0,25.0,199.0,183.0,145.0,164.0,192.0,116.0,103.0,25.0,6.0,60.0,252.0,80.0,2.0,90.0,119.0,7.0,18.0,31.0,212.0,39.0,91.0,57.0,42.0,103.0,108.0,80.0,83.0,58.0,189.0,39.0,132.0,120.0,79.0,16.0,14.0,12.0,194.0,45.0,145.0,139.0,92.0
나라,911.0,850.0,1068.0,849.0,422.0,0.0,311.0,647.0,791.0,830.0,324.0,464.0,579.0,383.0,326.0,385.0,276.0,502.0,457.0,427.0,176.0,361.0,338.0,99.0,279.0,76.0,257.0,176.0,260.0,93.0,256.0,273.0,204.0,252.0,43.0,186.0,345.0,158.0,274.0,160.0,148.0,136.0,146.0,352.0,165.0,153.0,157.0,105.0,133.0,267.0,183.0,91.0,164.0,116.0,152.0,84.0,94.0,83.0,114.0,131.0,137.0,160.0,170.0,203.0,167.0,196.0,73.0,139.0,118.0,56.0,0.0,73.0,101.0,147.0,177.0,133.0,54.0,167.0,54.0,165.0,66.0,82.0,147.0,79.0,71.0,70.0,118.0,98.0,184.0,88.0,103.0,111.0,155.0,51.0,204.0,130.0,82.0,109.0,12.0,123.0,107.0,77.0,149.0,108.0,181.0,75.0,69.0,151.0,112.0,61.0,44.0,137.0,96.0,65.0,152.0,2.0,3.0,35.0,51.0,75.0,0.0,59.0,71.0,49.0,82.0,96.0,80.0,36.0,60.0,49.0,57.0,51.0,5.0,79.0,79.0,81.0,14.0,95.0,115.0,22.0,90.0,106.0,55.0,99.0,68.0,57.0,180.0,39.0,84.0,83.0,32.0,71.0,30.0,61.0,80.0,40.0,33.0,21.0,67.0,88.0,35.0,43.0,62.0,94.0,60.0
정부,1826.0,2379.0,802.0,1540.0,1145.0,311.0,0.0,987.0,621.0,442.0,823.0,733.0,638.0,561.0,790.0,1308.0,1233.0,809.0,1072.0,456.0,60.0,549.0,665.0,91.0,206.0,101.0,644.0,583.0,238.0,197.0,883.0,404.0,424.0,191.0,79.0,551.0,150.0,355.0,35.0,252.0,180.0,636.0,493.0,74.0,481.0,353.0,608.0,351.0,673.0,84.0,306.0,730.0,784.0,103.0,395.0,493.0,245.0,524.0,672.0,209.0,120.0,197.0,244.0,270.0,169.0,41.0,254.0,63.0,243.0,627.0,0.0,821.0,298.0,754.0,847.0,126.0,552.0,216.0,58.0,77.0,264.0,375.0,266.0,275.0,254.0,341.0,419.0,389.0,157.0,289.0,193.0,251.0,451.0,360.0,33.0,282.0,43.0,383.0,74.0,196.0,198.0,421.0,90.0,139.0,265.0,195.0,398.0,131.0,45.0,258.0,180.0,36.0,154.0,34.0,149.0,0.0,4.0,452.0,289.0,95.0,1.0,23.0,36.0,63.0,271.0,173.0,210.0,156.0,244.0,182.0,207.0,53.0,3.0,141.0,328.0,88.0,8.0,134.0,269.0,0.0,41.0,114.0,269.0,113.0,189.0,71.0,74.0,246.0,201.0,59.0,127.0,78.0,278.0,58.0,100.0,38.0,128.0,47.0,81.0,51.0,307.0,99.0,53.0,50.0,67.0
생각,1225.0,1066.0,487.0,2665.0,716.0,647.0,987.0,0.0,328.0,298.0,357.0,399.0,323.0,321.0,334.0,788.0,490.0,462.0,1419.0,240.0,152.0,666.0,295.0,66.0,77.0,111.0,338.0,388.0,82.0,96.0,335.0,596.0,201.0,151.0,56.0,188.0,113.0,186.0,69.0,48.0,144.0,199.0,152.0,50.0,130.0,114.0,261.0,298.0,212.0,50.0,273.0,148.0,357.0,139.0,483.0,259.0,79.0,148.0,190.0,252.0,314.0,144.0,146.0,100.0,94.0,39.0,238.0,94.0,87.0,220.0,4.0,258.0,92.0,388.0,228.0,58.0,212.0,132.0,92.0,111.0,125.0,303.0,266.0,117.0,69.0,82.0,306.0,225.0,188.0,110.0,103.0,93.0,130.0,176.0,31.0,102.0,20.0,239.0,19.0,139.0,72.0,275.0,67.0,100.0,126.0,112.0,129.0,50.0,57.0,74.0,118.0,42.0,64.0,38.0,66.0,3.0,0.0,115.0,131.0,208.0,0.0,37.0,9.0,32.0,203.0,133.0,246.0,80.0,101.0,57.0,35.0,25.0,2.0,128.0,94.0,52.0,9.0,23.0,72.0,5.0,25.0,62.0,61.0,60.0,140.0,61.0,133.0,141.0,67.0,232.0,75.0,94.0,122.0,12.0,76.0,44.0,74.0,21.0,37.0,172.0,84.0,37.0,72.0,170.0,118.0
협력,453.0,1283.0,717.0,436.0,228.0,791.0,621.0,328.0,0.0,997.0,240.0,421.0,606.0,361.0,410.0,468.0,387.0,943.0,406.0,462.0,118.0,191.0,548.0,49.0,186.0,41.0,342.0,97.0,179.0,71.0,556.0,265.0,225.0,154.0,25.0,337.0,867.0,123.0,180.0,128.0,209.0,174.0,295.0,315.0,252.0,158.0,120.0,85.0,226.0,187.0,110.0,289.0,247.0,94.0,127.0,86.0,50.0,159.0,296.0,220.0,60.0,120.0,286.0,252.0,90.0,243.0,46.0,183.0,185.0,80.0,0.0,158.0,142.0,297.0,362.0,144.0,65.0,176.0,109.0,76.0,72.0,66.0,207.0,74.0,114.0,78.0,189.0,121.0,146.0,107.0,95.0,97.0,371.0,178.0,263.0,231.0,25.0,74.0,8.0,131.0,194.0,90.0,174.0,57.0,260.0,96.0,102.0,314.0,124.0,99.0,50.0,36.0,88.0,79.0,316.0,3.0,8.0,73.0,86.0,44.0,0.0,19.0,24.0,41.0,73.0,51.0,85.0,31.0,232.0,97.0,39.0,49.0,5.0,71.0,90.0,61.0,9.0,87.0,108.0,16.0,66.0,222.0,62.0,211.0,97.0,33.0,151.0,38.0,137.0,19.0,64.0,23.0,45.0,45.0,53.0,18.0,29.0,19.0,36.0,14.0,37.0,65.0,42.0,70.0,38.0
한국,803.0,957.0,1042.0,440.0,409.0,830.0,442.0,298.0,997.0,0.0,292.0,396.0,600.0,358.0,446.0,381.0,351.0,482.0,236.0,603.0,135.0,199.0,615.0,127.0,267.0,29.0,269.0,103.0,205.0,71.0,464.0,199.0,217.0,263.0,30.0,276.0,584.0,165.0,155.0,101.0,129.0,198.0,272.0,453.0,273.0,198.0,108.0,81.0,175.0,411.0,159.0,107.0,293.0,117.0,95.0,63.0,55.0,164.0,125.0,110.0,56.0,121.0,252.0,337.0,194.0,282.0,30.0,169.0,112.0,86.0,0.0,51.0,57.0,193.0,322.0,199.0,43.0,277.0,56.0,232.0,30.0,26.0,122.0,48.0,87.0,61.0,96.0,64.0,427.0,60.0,36.0,156.0,291.0,43.0,327.0,132.0,34.0,51.0,5.0,170.0,95.0,85.0,258.0,135.0,361.0,106.0,43.0,240.0,84.0,73.0,50.0,198.0,106.0,62.0,138.0,1.0,3.0,39.0,75.0,29.0,0.0,44.0,27.0,69.0,58.0,92.0,62.0,48.0,20.0,30.0,34.0,44.0,2.0,70.0,74.0,105.0,17.0,67.0,160.0,17.0,95.0,76.0,68.0,85.0,67.0,20.0,290.0,22.0,82.0,23.0,19.0,11.0,18.0,53.0,96.0,147.0,22.0,11.0,41.0,9.0,27.0,80.0,64.0,82.0,44.0
사회,803.0,998.0,621.0,511.0,786.0,324.0,823.0,357.0,240.0,292.0,0.0,436.0,340.0,282.0,343.0,530.0,505.0,240.0,418.0,246.0,52.0,516.0,257.0,48.0,166.0,49.0,474.0,325.0,175.0,106.0,199.0,180.0,217.0,80.0,30.0,183.0,51.0,251.0,22.0,172.0,84.0,274.0,201.0,102.0,195.0,207.0,309.0,137.0,251.0,94.0,175.0,192.0,216.0,45.0,166.0,225.0,186.0,157.0,303.0,108.0,88.0,123.0,232.0,154.0,117.0,39.0,88.0,31.0,110.0,191.0,0.0,292.0,156.0,208.0,264.0,88.0,104.0,137.0,60.0,66.0,144.0,157.0,108.0,121.0,184.0,170.0,183.0,134.0,99.0,81.0,109.0,108.0,209.0,113.0,37.0,124.0,49.0,188.0,168.0,85.0,81.0,115.0,78.0,89.0,165.0,69.0,182.0,55.0,12.0,162.0,127.0,45.0,66.0,36.0,41.0,1.0,2.0,160.0,78.0,53.0,0.0,14.0,109.0,67.0,82.0,107.0,61.0,61.0,88.0,121.0,168.0,28.0,5.0,61.0,146.0,70.0,6.0,121.0,115.0,5.0,39.0,43.0,93.0,49.0,51.0,38.0,42.0,66.0,79.0,48.0,46.0,56.0,51.0,48.0,56.0,36.0,55.0,19.0,77.0,36.0,126.0,67.0,62.0,53.0,44.0
국가,1057.0,944.0,1075.0,569.0,606.0,464.0,733.0,399.0,421.0,396.0,436.0,0.0,556.0,462.0,369.0,514.0,439.0,369.0,368.0,288.0,104.0,531.0,335.0,52.0,420.0,85.0,303.0,274.0,323.0,136.0,303.0,221.0,347.0,163.0,45.0,261.0,119.0,271.0,75.0,160.0,120.0,206.0,194.0,153.0,208.0,239.0,515.0,140.0,201.0,110.0,133.0,183.0,258.0,84.0,155.0,155.0,227.0,115.0,334.0,87.0,73.0,137.0,160.0,167.0,120.0,114.0,167.0,73.0,165.0,151.0,0.0,228.0,254.0,182.0,192.0,262.0,178.0,159.0,76.0,92.0,179.0,97.0,138.0,115.0,123.0,141.0,107.0,138.0,88.0,145.0,224.0,101.0,149.0,106.0,109.0,153.0,99.0,146.0,33.0,108.0,89.0,146.0,105.0,87.0,142.0,66.0,126.0,94.0,27.0,118.0,72.0,63.0,82.0,55.0,72.0,1.0,1.0,85.0,88.0,61.0,1.0,32.0,8.0,43.0,98.0,111.0,70.0,48.0,152.0,88.0,136.0,58.0,12.0,49.0,135.0,86.0,5.0,144.0,113.0,5.0,27.0,60.0,102.0,59.0,62.0,70.0,94.0,86.0,106.0,50.0,54.0,63.0,110.0,85.0,61.0,47.0,44.0,31.0,85.0,23.0,91.0,63.0,65.0,59.0,61.0
발전,660.0,971.0,594.0,513.0,380.0,579.0,638.0,323.0,606.0,600.0,340.0,556.0,0.0,289.0,324.0,278.0,402.0,622.0,251.0,219.0,74.0,295.0,506.0,77.0,183.0,61.0,249.0,280.0,156.0,80.0,319.0,173.0,154.0,115.0,32.0,330.0,363.0,149.0,181.0,171.0,127.0,189.0,218.0,175.0,285.0,118.0,211.0,93.0,246.0,136.0,133.0,160.0,217.0,84.0,129.0,144.0,116.0,207.0,204.0,109.0,71.0,124.0,171.0,120.0,113.0,139.0,90.0,80.0,121.0,194.0,0.0,181.0,118.0,138.0,239.0,111.0,180.0,144.0,75.0,97.0,86.0,78.0,112.0,89.0,108.0,133.0,74.0,94.0,88.0,178.0,72.0,96.0,207.0,115.0,130.0,133.0,71.0,127.0,86.0,102.0,116.0,104.0,186.0,77.0,157.0,79.0,119.0,131.0,93.0,99.0,44.0,33.0,75.0,47.0,84.0,2.0,3.0,124.0,57.0,38.0,0.0,32.0,89.0,30.0,80.0,77.0,71.0,26.0,88.0,55.0,101.0,41.0,1.0,47.0,116.0,56.0,29.0,71.0,113.0,70.0,37.0,67.0,62.0,78.0,70.0,29.0,92.0,56.0,97.0,23.0,36.0,51.0,97.0,33.0,57.0,30.0,34.0,20.0,92.0,20.0,103.0,63.0,38.0,45.0,26.0
시대,790.0,592.0,857.0,484.0,491.0,383.0,561.0,321.0,361.0,358.0,282.0,462.0,289.0,0.0,272.0,445.0,331.0,315.0,329.0,312.0,89.0,351.0,282.0,38.0,356.0,51.0,257.0,245.0,251.0,94.0,161.0,161.0,254.0,170.0,28.0,202.0,117.0,249.0,32.0,168.0,75.0,144.0,146.0,153.0,150.0,128.0,226.0,86.0,136.0,104.0,111.0,145.0,205.0,49.0,122.0,148.0,244.0,104.0,154.0,80.0,83.0,140.0,108.0,180.0,111.0,167.0,113.0,23.0,106.0,119.0,0.0,150.0,229.0,269.0,137.0,123.0,157.0,144.0,39.0,100.0,118.0,53.0,116.0,82.0,75.0,99.0,111.0,104.0,111.0,96.0,64.0,73.0,113.0,71.0,203.0,97.0,54.0,104.0,49.0,64.0,58.0,96.0,75.0,57.0,143.0,44.0,75.0,69.0,22.0,72.0,50.0,86.0,59.0,36.0,59.0,1.0,1.0,60.0,61.0,44.0,0.0,13.0,8.0,19.0,101.0,67.0,54.0,27.0,99.0,65.0,88.0,15.0,9.0,46.0,113.0,83.0,10.0,90.0,88.0,3.0,66.0,52.0,65.0,33.0,47.0,34.0,60.0,62.0,67.0,53.0,49.0,31.0,65.0,52.0,47.0,46.0,26.0,22.0,34.0,20.0,73.0,75.0,59.0,37.0,43.0
노력,731.0,672.0,534.0,505.0,487.0,326.0,790.0,334.0,410.0,446.0,343.0,369.0,324.0,272.0,0.0,422.0,369.0,380.0,379.0,358.0,67.0,270.0,297.0,72.0,134.0,53.0,272.0,216.0,104.0,105.0,271.0,157.0,173.0,117.0,34.0,189.0,162.0,157.0,63.0,128.0,66.0,208.0,239.0,155.0,161.0,118.0,213.0,116.0,206.0,121.0,149.0,300.0,220.0,76.0,139.0,163.0,96.0,173.0,228.0,74.0,71.0,79.0,136.0,190.0,63.0,83.0,109.0,35.0,103.0,136.0,0.0,238.0,98.0,208.0,173.0,87.0,151.0,115.0,37.0,59.0,77.0,88.0,89.0,105.0,104.0,91.0,178.0,101.0,105.0,92.0,79.0,63.0,190.0,106.0,107.0,91.0,32.0,109.0,54.0,97.0,60.0,145.0,87.0,69.0,151.0,74.0,103.0,140.0,45.0,83.0,84.0,43.0,69.0,41.0,63.0,4.0,1.0,71.0,149.0,31.0,0.0,18.0,23.0,24.0,79.0,71.0,81.0,72.0,130.0,59.0,99.0,42.0,2.0,28.0,122.0,64.0,8.0,72.0,98.0,12.0,51.0,53.0,89.0,68.0,73.0,37.0,99.0,58.0,82.0,39.0,48.0,25.0,91.0,34.0,60.0,30.0,23.0,11.0,15.0,17.0,82.0,59.0,34.0,49.0,41.0
북한,1024.0,1281.0,878.0,1161.0,670.0,385.0,1308.0,788.0,468.0,381.0,530.0,514.0,278.0,445.0,422.0,0.0,573.0,613.0,1059.0,718.0,76.0,547.0,374.0,94.0,185.0,61.0,497.0,150.0,329.0,140.0,386.0,343.0,529.0,144.0,78.0,112.0,67.0,284.0,9.0,77.0,105.0,361.0,276.0,164.0,106.0,183.0,253.0,218.0,323.0,88.0,214.0,104.0,429.0,112.0,241.0,263.0,144.0,282.0,325.0,234.0,131.0,126.0,176.0,507.0,89.0,35.0,129.0,28.0,222.0,182.0,0.0,502.0,174.0,814.0,365.0,101.0,296.0,156.0,35.0,83.0,155.0,214.0,391.0,259.0,131.0,119.0,444.0,370.0,254.0,52.0,231.0,145.0,250.0,206.0,40.0,170.0,88.0,167.0,0.0,153.0,136.0,215.0,59.0,124.0,251.0,175.0,264.0,121.0,14.0,155.0,134.0,100.0,91.0,35.0,137.0,9.0,1.0,170.0,199.0,108.0,1.0,9.0,6.0,81.0,140.0,98.0,115.0,103.0,124.0,126.0,44.0,51.0,12.0,111.0,166.0,81.0,4.0,73.0,99.0,6.0,71.0,108.0,82.0,30.0,139.0,55.0,63.0,216.0,148.0,82.0,92.0,50.0,145.0,58.0,94.0,37.0,71.0,73.0,226.0,43.0,126.0,45.0,55.0,46.0,70.0
추진,921.0,1253.0,655.0,905.0,1324.0,276.0,1233.0,490.0,387.0,351.0,505.0,439.0,402.0,331.0,369.0,573.0,0.0,438.0,538.0,269.0,46.0,479.0,431.0,49.0,124.0,87.0,403.0,406.0,150.0,88.0,369.0,186.0,186.0,106.0,60.0,314.0,114.0,299.0,55.0,150.0,97.0,286.0,346.0,75.0,311.0,192.0,385.0,226.0,390.0,81.0,200.0,219.0,423.0,60.0,210.0,310.0,190.0,251.0,385.0,125.0,90.0,111.0,225.0,159.0,91.0,63.0,156.0,38.0,120.0,405.0,0.0,429.0,178.0,413.0,342.0,105.0,293.0,107.0,82.0,41.0,211.0,238.0,138.0,143.0,138.0,216.0,216.0,180.0,91.0,145.0,91.0,122.0,225.0,233.0,51.0,134.0,22.0,217.0,37.0,147.0,89.0,229.0,67.0,112.0,237.0,83.0,241.0,77.0,20.0,142.0,122.0,37.0,87.0,23.0,80.0,1.0,0.0,323.0,110.0,58.0,1.0,11.0,15.0,24.0,118.0,121.0,122.0,74.0,152.0,100.0,103.0,32.0,4.0,48.0,224.0,58.0,2.0,84.0,139.0,4.0,21.0,50.0,198.0,61.0,98.0,31.0,57.0,119.0,121.0,43.0,86.0,45.0,147.0,25.0,62.0,26.0,57.0,24.0,38.0,24.0,215.0,40.0,49.0,67.0,32.0
관계,631.0,879.0,438.0,760.0,396.0,502.0,809.0,462.0,943.0,482.0,240.0,369.0,622.0,315.0,380.0,613.0,438.0,0.0,491.0,357.0,87.0,311.0,293.0,59.0,168.0,45.0,334.0,159.0,124.0,59.0,342.0,221.0,241.0,139.0,29.0,198.0,514.0,158.0,158.0,95.0,182.0,186.0,208.0,153.0,148.0,117.0,209.0,118.0,134.0,115.0,128.0,66.0,311.0,68.0,135.0,163.0,103.0,142.0,242.0,225.0,88.0,139.0,168.0,235.0,70.0,122.0,149.0,132.0,158.0,151.0,0.0,289.0,110.0,525.0,284.0,84.0,118.0,125.0,63.0,66.0,72.0,82.0,238.0,89.0,87.0,105.0,176.0,143.0,130.0,100.0,94.0,94.0,225.0,179.0,126.0,222.0,15.0,63.0,15.0,97.0,190.0,139.0,86.0,53.0,148.0,103.0,81.0,173.0,137.0,95.0,56.0,32.0,65.0,42.0,123.0,1.0,0.0,72.0,96.0,49.0,0.0,16.0,12.0,21.0,136.0,65.0,97.0,35.0,328.0,79.0,54.0,31.0,3.0,101.0,108.0,53.0,2.0,72.0,91.0,11.0,31.0,138.0,49.0,123.0,73.0,26.0,83.0,79.0,125.0,33.0,74.0,32.0,71.0,27.0,45.0,14.0,33.0,13.0,11.0,12.0,73.0,26.0,31.0,51.0,42.0
문제,943.0,1122.0,574.0,1948.0,599.0,457.0,1072.0,1419.0,406.0,236.0,418.0,368.0,251.0,329.0,379.0,1059.0,538.0,491.0,0.0,386.0,83.0,524.0,368.0,54.0,90.0,81.0,408.0,357.0,160.0,110.0,277.0,420.0,262.0,128.0,50.0,159.0,101.0,210.0,7.0,86.0,87.0,215.0,211.0,87.0,143.0,144.0,258.0,251.0,256.0,67.0,221.0,470.0,346.0,53.0,361.0,232.0,72.0,153.0,260.0,220.0,212.0,113.0,119.0,275.0,82.0,40.0,186.0,40.0,136.0,230.0,0.0,270.0,127.0,492.0,257.0,74.0,207.0,132.0,49.0,88.0,124.0,226.0,242.0,101.0,102.0,92.0,678.0,234.0,210.0,78.0,109.0,106.0,174.0,170.0,33.0,126.0,14.0,221.0,36.0,119.0,93.0,281.0,54.0,73.0,146.0,88.0,131.0,105.0,22.0,96.0,85.0,44.0,56.0,20.0,89.0,0.0,0.0,131.0,126.0,142.0,1.0,3.0,10.0,25.0,141.0,114.0,220.0,79.0,138.0,77.0,57.0,25.0,6.0,116.0,121.0,46.0,0.0,54.0,78.0,1.0,43.0,63.0,82.0,72.0,142.0,45.0,99.0,104.0,97.0,160.0,65.0,75.0,111.0,17.0,44.0,26.0,71.0,8.0,9.0,101.0,107.0,63.0,64.0,107.0,78.0
평화,601.0,493.0,1012.0,390.0,279.0,427.0,456.0,240.0,462.0,603.0,246.0,288.0,219.0,312.0,358.0,718.0,269.0,357.0,386.0,0.0,104.0,194.0,370.0,105.0,202.0,29.0,242.0,57.0,307.0,101.0,100.0,145.0,471.0,128.0,30.0,48.0,148.0,112.0,111.0,44.0,71.0,311.0,174.0,489.0,58.0,119.0,75.0,59.0,103.0,251.0,104.0,39.0,208.0,152.0,80.0,48.0,20.0,82.0,81.0,95.0,75.0,101.0,71.0,751.0,129.0,99.0,39.0,30.0,161.0,77.0,0.0,151.0,69.0,349.0,90.0,94.0,59.0,165.0,52.0,127.0,64.0,49.0,183.0,54.0,83.0,45.0,195.0,174.0,278.0,33.0,107.0,92.0,134.0,62.0,107.0,141.0,104.0,77.0,0.0,65.0,67.0,75.0,216.0,65.0,132.0,92.0,62.0,131.0,67.0,84.0,47.0,120.0,45.0,36.0,67.0,36.0,1.0,41.0,86.0,29.0,0.0,25.0,7.0,95.0,51.0,40.0,39.0,37.0,33.0,82.0,45.0,23.0,14.0,63.0,73.0,83.0,39.0,47.0,72.0,32.0,251.0,48.0,22.0,47.0,61.0,70.0,86.0,49.0,57.0,14.0,25.0,12.0,28.0,45.0,151.0,39.0,29.0,26.0,93.0,18.0,34.0,67.0,28.0,29.0,33.0
오늘,203.0,138.0,222.0,136.0,61.0,176.0,60.0,152.0,118.0,135.0,52.0,104.0,74.0,89.0,67.0,76.0,46.0,87.0,83.0,104.0,0.0,52.0,60.0,32.0,64.0,11.0,41.0,39.0,70.0,35.0,27.0,45.0,47.0,56.0,6.0,24.0,78.0,32.0,68.0,27.0,11.0,24.0,29.0,57.0,18.0,28.0,24.0,33.0,23.0,50.0,28.0,23.0,26.0,88.0,26.0,9.0,21.0,14.0,13.0,51.0,22.0,35.0,16.0,52.0,39.0,18.0,10.0,25.0,32.0,13.0,0.0,13.0,22.0,24.0,16.0,24.0,13.0,28.0,23.0,35.0,18.0,15.0,73.0,30.0,12.0,19.0,24.0,14.0,39.0,15.0,28.0,21.0,21.0,19.0,30.0,20.0,19.0,22.0,6.0,21.0,37.0,7.0,34.0,18.0,33.0,8.0,6.0,24.0,15.0,13.0,7.0,34.0,12.0,11.0,17.0,5.0,0.0,0.0,7.0,19.0,0.0,29.0,9.0,8.0,15.0,21.0,19.0,5.0,15.0,8.0,19.0,32.0,5.0,19.0,13.0,14.0,21.0,24.0,20.0,14.0,22.0,12.0,6.0,12.0,15.0,24.0,27.0,20.0,16.0,20.0,14.0,18.0,6.0,19.0,24.0,7.0,9.0,14.0,11.0,11.0,7.0,12.0,14.0,18.0,17.0
정치,933.0,842.0,521.0,1054.0,1140.0,361.0,549.0,666.0,191.0,199.0,516.0,531.0,295.0,351.0,270.0,547.0,479.0,311.0,524.0,194.0,52.0,0.0,213.0,43.0,158.0,97.0,360.0,272.0,146.0,119.0,183.0,205.0,221.0,74.0,40.0,157.0,34.0,342.0,25.0,139.0,102.0,181.0,146.0,44.0,129.0,91.0,426.0,179.0,147.0,65.0,173.0,111.0,260.0,67.0,214.0,207.0,50.0,67.0,309.0,125.0,108.0,143.0,193.0,118.0,107.0,15.0,368.0,27.0,97.0,118.0,0.0,242.0,241.0,247.0,92.0,63.0,174.0,96.0,50.0,74.0,126.0,147.0,176.0,156.0,77.0,170.0,131.0,139.0,72.0,70.0,119.0,73.0,103.0,130.0,20.0,94.0,33.0,187.0,10.0,125.0,70.0,202.0,36.0,95.0,144.0,62.0,166.0,37.0,28.0,131.0,103.0,50.0,62.0,45.0,31.0,2.0,1.0,86.0,98.0,96.0,0.0,23.0,4.0,31.0,110.0,176.0,79.0,58.0,48.0,85.0,46.0,44.0,0.0,49.0,120.0,83.0,2.0,87.0,50.0,3.0,3.0,31.0,132.0,24.0,92.0,42.0,46.0,65.0,64.0,60.0,55.0,44.0,113.0,34.0,85.0,70.0,54.0,24.0,27.0,22.0,137.0,33.0,102.0,69.0,88.0
지역,514.0,856.0,546.0,489.0,265.0,338.0,665.0,295.0,548.0,615.0,257.0,335.0,506.0,282.0,297.0,374.0,431.0,293.0,368.0,370.0,60.0,213.0,0.0,52.0,128.0,46.0,208.0,105.0,138.0,63.0,230.0,202.0,183.0,118.0,48.0,167.0,226.0,104.0,23.0,65.0,67.0,243.0,250.0,266.0,251.0,161.0,142.0,74.0,490.0,198.0,98.0,154.0,178.0,59.0,124.0,109.0,62.0,224.0,194.0,101.0,44.0,64.0,106.0,214.0,132.0,261.0,115.0,53.0,74.0,258.0,0.0,174.0,96.0,183.0,242.0,134.0,309.0,174.0,87.0,78.0,80.0,72.0,86.0,95.0,75.0,96.0,115.0,102.0,161.0,63.0,80.0,121.0,194.0,133.0,272.0,84.0,14.0,116.0,1.0,118.0,84.0,102.0,102.0,107.0,173.0,90.0,142.0,157.0,17.0,104.0,88.0,50.0,63.0,41.0,51.0,3.0,5.0,329.0,83.0,42.0,0.0,10.0,7.0,13.0,64.0,73.0,74.0,58.0,15.0,68.0,43.0,36.0,5.0,42.0,77.0,43.0,2.0,86.0,78.0,6.0,49.0,65.0,52.0,50.0,96.0,25.0,141.0,67.0,97.0,14.0,23.0,33.0,140.0,35.0,54.0,20.0,17.0,16.0,17.0,10.0,85.0,67.0,28.0,13.0,17.0
감사,221.0,81.0,123.0,105.0,91.0,99.0,91.0,66.0,49.0,127.0,48.0,52.0,77.0,38.0,72.0,94.0,49.0,59.0,54.0,105.0,32.0,43.0,52.0,0.0,17.0,8.0,41.0,33.0,39.0,30.0,27.0,16.0,40.0,23.0,9.0,18.0,22.0,29.0,55.0,19.0,24.0,32.0,49.0,43.0,21.0,18.0,28.0,106.0,21.0,29.0,51.0,15.0,43.0,90.0,15.0,23.0,3.0,22.0,20.0,14.0,13.0,15.0,15.0,57.0,15.0,9.0,11.0,24.0,30.0,22.0,0.0,33.0,22.0,41.0,22.0,14.0,22.0,25.0,11.0,19.0,7.0,8.0,13.0,20.0,9.0,37.0,26.0,9.0,46.0,11.0,13.0,18.0,21.0,10.0,14.0,15.0,23.0,13.0,7.0,16.0,8.0,12.0,22.0,13.0,27.0,14.0,11.0,11.0,14.0,16.0,10.0,14.0,6.0,16.0,8.0,3.0,0.0,8.0,18.0,19.0,1.0,62.0,12.0,9.0,13.0,10.0,9.0,10.0,13.0,6.0,3.0,11.0,2.0,7.0,12.0,9.0,5.0,0.0,15.0,32.0,16.0,3.0,7.0,4.0,7.0,9.0,21.0,4.0,9.0,4.0,11.0,7.0,14.0,5.0,18.0,4.0,12.0,37.0,32.0,14.0,10.0,9.0,3.0,3.0,1.0
세기,444.0,282.0,599.0,152.0,188.0,279.0,206.0,77.0,186.0,267.0,166.0,420.0,183.0,356.0,134.0,185.0,124.0,168.0,90.0,202.0,64.0,158.0,128.0,17.0,0.0,13.0,86.0,123.0,203.0,57.0,103.0,81.0,170.0,117.0,10.0,73.0,75.0,91.0,12.0,91.0,68.0,77.0,74.0,119.0,70.0,115.0,71.0,24.0,54.0,63.0,53.0,65.0,73.0,42.0,46.0,36.0,139.0,45.0,40.0,21.0,18.0,106.0,57.0,128.0,50.0,73.0,29.0,22.0,84.0,43.0,0.0,51.0,74.0,73.0,44.0,138.0,26.0,83.0,20.0,58.0,63.0,13.0,85.0,33.0,59.0,52.0,31.0,35.0,70.0,46.0,46.0,38.0,46.0,21.0,71.0,59.0,81.0,63.0,18.0,17.0,38.0,33.0,35.0,39.0,43.0,20.0,34.0,41.0,16.0,33.0,12.0,29.0,54.0,31.0,26.0,1.0,0.0,10.0,19.0,22.0,0.0,13.0,2.0,19.0,28.0,22.0,21.0,8.0,83.0,38.0,79.0,20.0,2.0,13.0,58.0,82.0,11.0,83.0,54.0,4.0,50.0,29.0,23.0,15.0,14.0,21.0,34.0,28.0,33.0,21.0,12.0,27.0,11.0,64.0,22.0,32.0,15.0,13.0,55.0,12.0,35.0,39.0,38.0,19.0,36.0
지금,132.0,114.0,90.0,142.0,115.0,76.0,101.0,111.0,41.0,29.0,49.0,85.0,61.0,51.0,53.0,61.0,87.0,45.0,81.0,29.0,11.0,97.0,46.0,8.0,13.0,0.0,45.0,55.0,21.0,27.0,40.0,41.0,13.0,15.0,5.0,41.0,8.0,54.0,14.0,14.0,12.0,30.0,23.0,8.0,28.0,12.0,67.0,28.0,36.0,14.0,21.0,62.0,40.0,9.0,33.0,31.0,15.0,22.0,50.0,8.0,19.0,15.0,11.0,16.0,5.0,3.0,29.0,11.0,12.0,30.0,0.0,28.0,37.0,18.0,21.0,16.0,23.0,19.0,6.0,8.0,24.0,23.0,7.0,30.0,11.0,23.0,22.0,18.0,10.0,20.0,18.0,11.0,19.0,18.0,5.0,14.0,3.0,22.0,3.0,21.0,16.0,28.0,10.0,12.0,14.0,15.0,22.0,10.0,11.0,19.0,18.0,19.0,11.0,5.0,5.0,0.0,0.0,26.0,11.0,18.0,0.0,6.0,1.0,5.0,17.0,27.0,12.0,15.0,11.0,20.0,2.0,15.0,0.0,14.0,15.0,7.0,0.0,6.0,14.0,1.0,3.0,2.0,21.0,9.0,10.0,9.0,8.0,16.0,12.0,14.0,10.0,9.0,15.0,1.0,10.0,4.0,11.0,2.0,4.0,7.0,17.0,10.0,16.0,13.0,5.0
국제,549.0,756.0,605.0,505.0,511.0,257.0,644.0,338.0,342.0,269.0,474.0,303.0,249.0,257.0,272.0,497.0,403.0,334.0,408.0,242.0,41.0,360.0,208.0,41.0,86.0,45.0,0.0,197.0,123.0,64.0,219.0,152.0,155.0,51.0,33.0,206.0,74.0,218.0,32.0,92.0,66.0,188.0,168.0,79.0,155.0,101.0,371.0,104.0,176.0,61.0,99.0,140.0,219.0,31.0,144.0,155.0,74.0,114.0,262.0,124.0,55.0,92.0,86.0,132.0,52.0,39.0,93.0,45.0,113.0,168.0,0.0,190.0,218.0,225.0,160.0,68.0,71.0,125.0,62.0,40.0,86.0,124.0,117.0,92.0,99.0,107.0,179.0,115.0,85.0,105.0,75.0,85.0,121.0,105.0,31.0,110.0,24.0,83.0,2.0,98.0,68.0,138.0,54.0,47.0,219.0,52.0,103.0,53.0,35.0,98.0,78.0,55.0,54.0,16.0,54.0,1.0,0.0,97.0,76.0,45.0,0.0,15.0,4.0,76.0,81.0,76.0,55.0,33.0,84.0,107.0,44.0,21.0,5.0,43.0,100.0,39.0,11.0,69.0,81.0,3.0,46.0,36.0,77.0,49.0,55.0,29.0,56.0,55.0,72.0,28.0,37.0,52.0,34.0,23.0,35.0,25.0,43.0,12.0,29.0,18.0,96.0,30.0,45.0,28.0,34.0
교육,607.0,408.0,345.0,487.0,886.0,176.0,583.0,388.0,97.0,103.0,325.0,274.0,280.0,245.0,216.0,150.0,406.0,159.0,357.0,57.0,39.0,272.0,105.0,33.0,123.0,55.0,197.0,0.0,69.0,49.0,163.0,157.0,44.0,22.0,17.0,211.0,10.0,184.0,11.0,300.0,52.0,113.0,138.0,15.0,203.0,45.0,230.0,116.0,161.0,16.0,106.0,197.0,157.0,22.0,136.0,204.0,99.0,210.0,223.0,35.0,122.0,138.0,103.0,42.0,42.0,25.0,44.0,18.0,65.0,106.0,0.0,159.0,135.0,54.0,124.0,135.0,80.0,82.0,22.0,24.0,104.0,60.0,38.0,53.0,95.0,177.0,97.0,73.0,43.0,125.0,36.0,48.0,136.0,102.0,6.0,74.0,17.0,139.0,96.0,31.0,32.0,84.0,27.0,48.0,40.0,40.0,40.0,19.0,2.0,103.0,35.0,5.0,36.0,8.0,16.0,0.0,0.0,83.0,50.0,53.0,0.0,21.0,4.0,2.0,55.0,81.0,72.0,28.0,141.0,46.0,109.0,5.0,0.0,47.0,101.0,46.0,12.0,31.0,108.0,2.0,12.0,11.0,81.0,19.0,26.0,28.0,20.0,28.0,28.0,46.0,26.0,52.0,80.0,16.0,21.0,31.0,61.0,3.0,19.0,40.0,84.0,57.0,47.0,25.0,20.0
민족,381.0,287.0,548.0,113.0,194.0,260.0,238.0,82.0,179.0,205.0,175.0,323.0,156.0,251.0,104.0,329.0,150.0,124.0,160.0,307.0,70.0,146.0,138.0,39.0,203.0,21.0,123.0,69.0,0.0,97.0,62.0,64.0,371.0,166.0,22.0,53.0,20.0,91.0,11.0,128.0,27.0,86.0,75.0,157.0,37.0,110.0,92.0,31.0,55.0,80.0,54.0,38.0,112.0,39.0,47.0,26.0,23.0,53.0,63.0,21.0,20.0,110.0,32.0,149.0,62.0,38.0,34.0,10.0,82.0,54.0,0.0,78.0,92.0,188.0,49.0,63.0,53.0,62.0,20.0,58.0,51.0,28.0,79.0,31.0,44.0,43.0,60.0,42.0,86.0,27.0,44.0,49.0,60.0,37.0,32.0,56.0,131.0,60.0,2.0,20.0,39.0,32.0,52.0,48.0,81.0,26.0,43.0,43.0,5.0,48.0,22.0,35.0,41.0,15.0,39.0,0.0,0.0,37.0,32.0,43.0,0.0,12.0,1.0,14.0,65.0,37.0,28.0,17.0,33.0,32.0,41.0,22.0,12.0,58.0,42.0,48.0,4.0,44.0,31.0,11.0,76.0,20.0,23.0,19.0,25.0,48.0,29.0,30.0,31.0,21.0,19.0,7.0,24.0,45.0,38.0,31.0,37.0,34.0,188.0,28.0,28.0,70.0,22.0,10.0,18.0
모두,364.0,192.0,199.0,100.0,162.0,93.0,197.0,96.0,71.0,71.0,106.0,136.0,80.0,94.0,105.0,140.0,88.0,59.0,110.0,101.0,35.0,119.0,63.0,30.0,57.0,27.0,64.0,49.0,97.0,0.0,81.0,47.0,101.0,37.0,15.0,26.0,13.0,55.0,4.0,34.0,26.0,45.0,53.0,41.0,25.0,45.0,65.0,32.0,37.0,44.0,30.0,200.0,63.0,36.0,42.0,33.0,16.0,25.0,61.0,14.0,18.0,36.0,23.0,44.0,32.0,7.0,27.0,8.0,48.0,29.0,0.0,45.0,52.0,51.0,33.0,23.0,52.0,27.0,13.0,27.0,39.0,21.0,34.0,31.0,36.0,28.0,51.0,25.0,30.0,11.0,36.0,18.0,31.0,18.0,5.0,25.0,33.0,46.0,0.0,21.0,24.0,32.0,19.0,29.0,38.0,17.0,27.0,25.0,2.0,27.0,40.0,13.0,24.0,7.0,9.0,2.0,0.0,15.0,34.0,15.0,0.0,5.0,16.0,9.0,29.0,20.0,20.0,11.0,35.0,21.0,27.0,21.0,3.0,16.0,24.0,24.0,10.0,23.0,15.0,30.0,17.0,9.0,22.0,3.0,24.0,25.0,8.0,17.0,13.0,13.0,25.0,7.0,32.0,14.0,23.0,16.0,34.0,12.0,51.0,26.0,26.0,35.0,17.0,4.0,18.0
기업,457.0,975.0,447.0,504.0,229.0,256.0,883.0,335.0,556.0,464.0,199.0,303.0,319.0,161.0,271.0,386.0,369.0,342.0,277.0,100.0,27.0,183.0,230.0,27.0,103.0,40.0,219.0,163.0,62.0,81.0,0.0,174.0,100.0,70.0,50.0,259.0,282.0,112.0,19.0,57.0,88.0,175.0,231.0,38.0,238.0,97.0,278.0,81.0,215.0,75.0,92.0,264.0,280.0,57.0,117.0,125.0,81.0,244.0,240.0,73.0,25.0,67.0,164.0,63.0,18.0,57.0,37.0,38.0,110.0,145.0,0.0,234.0,170.0,202.0,438.0,78.0,131.0,92.0,17.0,20.0,68.0,133.0,108.0,105.0,110.0,111.0,82.0,116.0,40.0,51.0,52.0,113.0,182.0,96.0,62.0,122.0,9.0,91.0,7.0,101.0,84.0,173.0,55.0,36.0,130.0,94.0,153.0,91.0,18.0,184.0,48.0,9.0,64.0,23.0,89.0,1.0,1.0,104.0,94.0,40.0,0.0,8.0,2.0,21.0,59.0,55.0,64.0,33.0,179.0,49.0,40.0,31.0,3.0,51.0,85.0,35.0,1.0,37.0,101.0,2.0,8.0,43.0,184.0,39.0,85.0,24.0,58.0,71.0,72.0,8.0,54.0,28.0,55.0,29.0,20.0,12.0,39.0,26.0,21.0,7.0,96.0,22.0,39.0,43.0,32.0
중요,430.0,501.0,355.0,629.0,251.0,273.0,404.0,596.0,265.0,199.0,180.0,221.0,173.0,161.0,157.0,343.0,186.0,221.0,420.0,145.0,45.0,205.0,202.0,16.0,81.0,41.0,152.0,157.0,64.0,47.0,174.0,0.0,118.0,73.0,26.0,95.0,107.0,86.0,19.0,68.0,71.0,108.0,87.0,56.0,70.0,71.0,102.0,95.0,116.0,45.0,77.0,66.0,116.0,37.0,127.0,92.0,46.0,71.0,98.0,78.0,98.0,63.0,89.0,95.0,43.0,67.0,76.0,18.0,62.0,77.0,0.0,124.0,62.0,125.0,130.0,52.0,107.0,107.0,38.0,42.0,99.0,107.0,99.0,45.0,41.0,49.0,111.0,89.0,73.0,51.0,73.0,43.0,77.0,56.0,61.0,59.0,19.0,79.0,17.0,62.0,73.0,66.0,19.0,42.0,72.0,42.0,59.0,50.0,22.0,45.0,66.0,23.0,37.0,14.0,41.0,0.0,0.0,61.0,52.0,62.0,0.0,4.0,4.0,14.0,54.0,37.0,70.0,39.0,67.0,38.0,30.0,15.0,2.0,39.0,39.0,15.0,2.0,34.0,43.0,1.0,10.0,36.0,28.0,20.0,51.0,32.0,59.0,51.0,47.0,60.0,34.0,42.0,54.0,16.0,27.0,14.0,29.0,10.0,31.0,43.0,32.0,17.0,30.0,39.0,60.0
통일,464.0,471.0,441.0,292.0,251.0,204.0,424.0,201.0,225.0,217.0,217.0,347.0,154.0,254.0,173.0,529.0,186.0,241.0,262.0,471.0,47.0,221.0,183.0,40.0,170.0,13.0,155.0,44.0,371.0,101.0,100.0,118.0,0.0,93.0,24.0,36.0,23.0,110.0,20.0,37.0,36.0,114.0,107.0,184.0,29.0,135.0,62.0,44.0,68.0,121.0,67.0,42.0,162.0,33.0,72.0,58.0,41.0,50.0,61.0,68.0,17.0,89.0,69.0,236.0,147.0,17.0,85.0,17.0,98.0,53.0,0.0,120.0,53.0,320.0,107.0,85.0,90.0,78.0,61.0,67.0,63.0,36.0,131.0,56.0,46.0,41.0,92.0,104.0,104.0,19.0,100.0,62.0,74.0,44.0,17.0,97.0,214.0,56.0,0.0,19.0,58.0,54.0,45.0,37.0,52.0,32.0,62.0,50.0,2.0,64.0,31.0,34.0,39.0,19.0,55.0,0.0,1.0,32.0,48.0,28.0,0.0,14.0,5.0,13.0,65.0,20.0,63.0,16.0,40.0,48.0,62.0,19.0,11.0,57.0,64.0,50.0,7.0,96.0,47.0,5.0,35.0,39.0,19.0,18.0,49.0,20.0,30.0,70.0,50.0,22.0,21.0,9.0,43.0,48.0,52.0,32.0,43.0,26.0,123.0,16.0,46.0,50.0,26.0,15.0,31.0
역사,353.0,193.0,264.0,267.0,218.0,252.0,191.0,151.0,154.0,263.0,80.0,163.0,115.0,170.0,117.0,144.0,106.0,139.0,128.0,128.0,56.0,74.0,118.0,23.0,117.0,15.0,51.0,22.0,166.0,37.0,70.0,73.0,93.0,0.0,14.0,28.0,106.0,77.0,45.0,65.0,49.0,35.0,51.0,68.0,37.0,50.0,38.0,63.0,52.0,71.0,54.0,26.0,79.0,28.0,29.0,40.0,33.0,24.0,25.0,32.0,33.0,65.0,51.0,68.0,55.0,49.0,29.0,28.0,50.0,21.0,0.0,48.0,21.0,66.0,43.0,38.0,75.0,54.0,14.0,34.0,27.0,14.0,43.0,27.0,22.0,26.0,39.0,31.0,52.0,15.0,25.0,36.0,37.0,19.0,54.0,61.0,18.0,28.0,5.0,20.0,40.0,35.0,30.0,26.0,53.0,29.0,15.0,36.0,15.0,8.0,22.0,41.0,19.0,19.0,36.0,1.0,0.0,11.0,31.0,37.0,0.0,11.0,3.0,8.0,66.0,34.0,32.0,33.0,8.0,11.0,17.0,28.0,3.0,42.0,21.0,24.0,1.0,21.0,34.0,4.0,51.0,27.0,11.0,15.0,25.0,20.0,42.0,27.0,26.0,15.0,8.0,10.0,30.0,21.0,31.0,43.0,9.0,5.0,7.0,10.0,17.0,14.0,28.0,18.0,22.0
이제,85.0,88.0,105.0,94.0,100.0,43.0,79.0,56.0,25.0,30.0,30.0,45.0,32.0,28.0,34.0,78.0,60.0,29.0,50.0,30.0,6.0,40.0,48.0,9.0,10.0,5.0,33.0,17.0,22.0,15.0,50.0,26.0,24.0,14.0,0.0,10.0,5.0,15.0,8.0,11.0,7.0,15.0,23.0,11.0,14.0,12.0,16.0,27.0,41.0,4.0,17.0,12.0,27.0,10.0,19.0,21.0,1.0,25.0,14.0,14.0,9.0,10.0,16.0,10.0,9.0,7.0,16.0,1.0,20.0,25.0,0.0,28.0,20.0,39.0,10.0,7.0,61.0,11.0,4.0,4.0,10.0,14.0,21.0,7.0,7.0,15.0,18.0,13.0,7.0,2.0,13.0,17.0,11.0,16.0,6.0,8.0,8.0,10.0,2.0,11.0,11.0,10.0,6.0,9.0,15.0,9.0,16.0,6.0,0.0,9.0,19.0,8.0,4.0,2.0,8.0,0.0,0.0,18.0,12.0,9.0,0.0,0.0,0.0,6.0,16.0,9.0,13.0,12.0,13.0,3.0,3.0,4.0,2.0,2.0,5.0,2.0,0.0,9.0,4.0,0.0,1.0,1.0,6.0,1.0,13.0,2.0,5.0,11.0,7.0,7.0,14.0,4.0,27.0,3.0,7.0,3.0,5.0,5.0,20.0,2.0,9.0,4.0,6.0,2.0,6.0
기술,472.0,646.0,366.0,178.0,271.0,186.0,551.0,188.0,337.0,276.0,183.0,261.0,330.0,202.0,189.0,112.0,314.0,198.0,159.0,48.0,24.0,157.0,167.0,18.0,73.0,41.0,206.0,211.0,53.0,26.0,259.0,95.0,36.0,28.0,10.0,0.0,161.0,119.0,22.0,79.0,69.0,143.0,140.0,39.0,245.0,102.0,265.0,67.0,378.0,49.0,61.0,178.0,134.0,21.0,98.0,115.0,183.0,121.0,193.0,36.0,41.0,73.0,148.0,19.0,36.0,45.0,37.0,35.0,39.0,141.0,0.0,155.0,137.0,65.0,260.0,57.0,43.0,57.0,93.0,7.0,66.0,76.0,25.0,57.0,67.0,111.0,52.0,66.0,16.0,618.0,39.0,59.0,172.0,97.0,55.0,68.0,7.0,99.0,8.0,62.0,51.0,123.0,51.0,24.0,88.0,37.0,100.0,54.0,13.0,57.0,37.0,60.0,77.0,10.0,56.0,1.0,0.0,123.0,20.0,3.0,0.0,18.0,5.0,4.0,61.0,75.0,43.0,16.0,54.0,52.0,55.0,6.0,3.0,8.0,99.0,39.0,14.0,49.0,127.0,4.0,25.0,42.0,71.0,71.0,39.0,26.0,51.0,52.0,39.0,17.0,23.0,28.0,26.0,25.0,23.0,19.0,22.0,2.0,2.0,25.0,44.0,22.0,26.0,17.0,16.0
양국,151.0,483.0,228.0,203.0,43.0,345.0,150.0,113.0,867.0,584.0,51.0,119.0,363.0,117.0,162.0,67.0,114.0,514.0,101.0,148.0,78.0,34.0,226.0,22.0,75.0,8.0,74.0,10.0,20.0,13.0,282.0,107.0,23.0,106.0,5.0,161.0,0.0,23.0,130.0,60.0,126.0,37.0,123.0,178.0,111.0,61.0,6.0,20.0,67.0,113.0,39.0,54.0,63.0,37.0,21.0,18.0,10.0,47.0,75.0,126.0,61.0,54.0,142.0,110.0,58.0,122.0,0.0,107.0,77.0,9.0,0.0,10.0,20.0,24.0,203.0,55.0,1.0,63.0,19.0,42.0,10.0,8.0,135.0,15.0,23.0,37.0,34.0,47.0,59.0,30.0,7.0,35.0,194.0,69.0,168.0,96.0,0.0,3.0,0.0,57.0,122.0,17.0,84.0,34.0,119.0,45.0,32.0,195.0,88.0,36.0,3.0,18.0,29.0,37.0,159.0,1.0,2.0,6.0,10.0,13.0,0.0,5.0,19.0,14.0,21.0,39.0,26.0,5.0,0.0,14.0,9.0,19.0,1.0,18.0,18.0,20.0,1.0,40.0,60.0,20.0,14.0,126.0,21.0,115.0,58.0,10.0,98.0,3.0,75.0,2.0,9.0,3.0,1.0,21.0,30.0,5.0,1.0,2.0,2.0,5.0,5.0,10.0,21.0,37.0,9.0
변화,398.0,362.0,477.0,298.0,756.0,158.0,355.0,186.0,123.0,165.0,251.0,271.0,149.0,249.0,157.0,284.0,299.0,158.0,210.0,112.0,32.0,342.0,104.0,29.0,91.0,54.0,218.0,184.0,91.0,55.0,112.0,86.0,110.0,77.0,15.0,119.0,23.0,0.0,7.0,45.0,34.0,70.0,81.0,31.0,94.0,51.0,220.0,66.0,79.0,30.0,97.0,89.0,158.0,18.0,93.0,91.0,61.0,44.0,149.0,51.0,45.0,71.0,85.0,77.0,29.0,17.0,50.0,15.0,64.0,86.0,0.0,104.0,148.0,119.0,83.0,52.0,41.0,61.0,29.0,23.0,60.0,37.0,59.0,50.0,47.0,95.0,60.0,65.0,41.0,56.0,51.0,35.0,58.0,49.0,14.0,72.0,19.0,63.0,11.0,47.0,31.0,79.0,24.0,36.0,88.0,29.0,52.0,17.0,5.0,60.0,50.0,23.0,21.0,12.0,12.0,1.0,0.0,52.0,38.0,24.0,0.0,15.0,4.0,8.0,47.0,60.0,25.0,34.0,62.0,56.0,29.0,11.0,4.0,30.0,71.0,28.0,1.0,27.0,47.0,2.0,16.0,19.0,60.0,10.0,30.0,27.0,22.0,45.0,29.0,36.0,23.0,27.0,18.0,21.0,29.0,49.0,21.0,5.0,6.0,5.0,68.0,22.0,51.0,40.0,19.0
각하,196.0,120.0,81.0,280.0,75.0,274.0,35.0,69.0,180.0,155.0,22.0,75.0,181.0,32.0,63.0,9.0,55.0,158.0,7.0,111.0,68.0,25.0,23.0,55.0,12.0,14.0,32.0,11.0,11.0,4.0,19.0,19.0,20.0,45.0,8.0,22.0,130.0,7.0,0.0,26.0,89.0,18.0,24.0,78.0,11.0,21.0,5.0,27.0,15.0,24.0,47.0,2.0,58.0,69.0,0.0,0.0,0.0,3.0,16.0,37.0,9.0,12.0,24.0,17.0,70.0,21.0,1.0,106.0,27.0,1.0,0.0,2.0,0.0,1.0,22.0,17.0,0.0,27.0,18.0,39.0,4.0,0.0,30.0,17.0,3.0,16.0,19.0,2.0,3.0,22.0,5.0,20.0,17.0,5.0,34.0,48.0,1.0,1.0,0.0,28.0,54.0,6.0,34.0,31.0,39.0,30.0,0.0,28.0,171.0,1.0,0.0,8.0,2.0,25.0,52.0,71.0,1.0,3.0,1.0,22.0,0.0,55.0,55.0,8.0,5.0,13.0,6.0,1.0,0.0,3.0,2.0,11.0,2.0,3.0,7.0,4.0,11.0,1.0,12.0,22.0,4.0,7.0,1.0,35.0,5.0,2.0,2.0,5.0,15.0,5.0,7.0,21.0,0.0,2.0,26.0,3.0,6.0,30.0,2.0,5.0,0.0,10.0,2.0,38.0,7.0
문화,354.0,229.0,347.0,48.0,206.0,160.0,252.0,48.0,128.0,101.0,172.0,160.0,171.0,168.0,128.0,77.0,150.0,95.0,86.0,44.0,27.0,139.0,65.0,19.0,91.0,14.0,92.0,300.0,128.0,34.0,57.0,68.0,37.0,65.0,11.0,79.0,60.0,45.0,26.0,0.0,40.0,33.0,96.0,35.0,117.0,42.0,61.0,33.0,73.0,18.0,42.0,150.0,64.0,23.0,31.0,63.0,65.0,98.0,78.0,11.0,18.0,74.0,113.0,31.0,27.0,39.0,28.0,24.0,54.0,50.0,0.0,71.0,54.0,32.0,64.0,54.0,37.0,42.0,9.0,16.0,50.0,5.0,15.0,27.0,44.0,56.0,42.0,27.0,9.0,51.0,16.0,21.0,83.0,27.0,28.0,69.0,15.0,65.0,66.0,16.0,22.0,18.0,34.0,19.0,41.0,7.0,19.0,32.0,8.0,38.0,34.0,6.0,35.0,8.0,85.0,1.0,0.0,26.0,19.0,12.0,0.0,14.0,8.0,5.0,5.0,29.0,6.0,2.0,90.0,15.0,103.0,12.0,3.0,12.0,61.0,25.0,29.0,39.0,63.0,14.0,45.0,19.0,33.0,25.0,14.0,27.0,5.0,3.0,23.0,6.0,14.0,22.0,25.0,9.0,15.0,34.0,19.0,8.0,22.0,8.0,23.0,39.0,11.0,5.0,13.0
이번,232.0,221.0,162.0,201.0,148.0,148.0,180.0,144.0,209.0,129.0,84.0,120.0,127.0,75.0,66.0,105.0,97.0,182.0,87.0,71.0,11.0,102.0,67.0,24.0,68.0,12.0,66.0,52.0,27.0,26.0,88.0,71.0,36.0,49.0,7.0,69.0,126.0,34.0,89.0,40.0,0.0,59.0,62.0,26.0,35.0,36.0,42.0,33.0,44.0,31.0,30.0,24.0,52.0,19.0,33.0,35.0,50.0,26.0,61.0,84.0,26.0,40.0,42.0,54.0,24.0,48.0,112.0,163.0,72.0,54.0,0.0,70.0,35.0,30.0,70.0,19.0,38.0,34.0,97.0,18.0,31.0,40.0,78.0,21.0,30.0,52.0,20.0,49.0,34.0,42.0,27.0,15.0,38.0,52.0,31.0,35.0,9.0,39.0,4.0,29.0,134.0,47.0,16.0,27.0,21.0,19.0,38.0,36.0,50.0,21.0,13.0,8.0,23.0,30.0,26.0,0.0,0.0,20.0,17.0,48.0,1.0,15.0,3.0,24.0,29.0,15.0,25.0,9.0,16.0,22.0,24.0,14.0,0.0,19.0,26.0,18.0,8.0,24.0,19.0,15.0,8.0,25.0,13.0,41.0,20.0,9.0,21.0,16.0,33.0,14.0,18.0,20.0,23.0,11.0,21.0,9.0,9.0,7.0,11.0,10.0,24.0,6.0,17.0,11.0,39.0
안정,555.0,729.0,248.0,306.0,238.0,136.0,636.0,199.0,174.0,198.0,274.0,206.0,189.0,144.0,208.0,361.0,286.0,186.0,215.0,311.0,24.0,181.0,243.0,32.0,77.0,30.0,188.0,113.0,86.0,45.0,175.0,108.0,114.0,35.0,15.0,143.0,37.0,70.0,18.0,33.0,59.0,0.0,143.0,115.0,120.0,95.0,167.0,55.0,170.0,58.0,79.0,53.0,162.0,31.0,103.0,110.0,43.0,134.0,171.0,46.0,17.0,53.0,53.0,222.0,46.0,27.0,74.0,26.0,44.0,163.0,0.0,222.0,79.0,132.0,153.0,45.0,99.0,74.0,17.0,41.0,79.0,157.0,65.0,97.0,61.0,82.0,71.0,98.0,104.0,76.0,98.0,100.0,155.0,80.0,27.0,66.0,14.0,173.0,8.0,96.0,38.0,110.0,70.0,46.0,84.0,63.0,149.0,41.0,17.0,62.0,43.0,28.0,54.0,15.0,7.0,0.0,0.0,94.0,81.0,22.0,0.0,4.0,5.0,26.0,50.0,46.0,38.0,38.0,93.0,51.0,69.0,24.0,0.0,24.0,116.0,43.0,2.0,42.0,83.0,1.0,23.0,29.0,44.0,37.0,40.0,18.0,41.0,74.0,54.0,14.0,24.0,16.0,52.0,16.0,25.0,4.0,49.0,23.0,20.0,16.0,82.0,18.0,12.0,14.0,10.0
적극,439.0,521.0,334.0,236.0,275.0,146.0,493.0,152.0,295.0,272.0,201.0,194.0,218.0,146.0,239.0,276.0,346.0,208.0,211.0,174.0,29.0,146.0,250.0,49.0,74.0,23.0,168.0,138.0,75.0,53.0,231.0,87.0,107.0,51.0,23.0,140.0,123.0,81.0,24.0,96.0,62.0,143.0,0.0,67.0,136.0,81.0,104.0,53.0,184.0,70.0,66.0,208.0,155.0,38.0,88.0,98.0,80.0,186.0,145.0,60.0,27.0,53.0,101.0,108.0,54.0,45.0,70.0,23.0,65.0,108.0,0.0,167.0,69.0,125.0,170.0,57.0,120.0,76.0,27.0,25.0,65.0,85.0,62.0,57.0,144.0,78.0,99.0,86.0,57.0,49.0,62.0,42.0,124.0,87.0,48.0,57.0,17.0,88.0,31.0,72.0,51.0,94.0,66.0,54.0,109.0,42.0,93.0,73.0,20.0,109.0,44.0,15.0,51.0,18.0,49.0,0.0,1.0,122.0,45.0,23.0,0.0,6.0,6.0,59.0,28.0,53.0,45.0,27.0,60.0,39.0,50.0,24.0,1.0,15.0,69.0,31.0,3.0,36.0,49.0,2.0,27.0,29.0,67.0,35.0,52.0,21.0,52.0,43.0,64.0,11.0,36.0,19.0,68.0,17.0,27.0,13.0,28.0,16.0,37.0,10.0,47.0,32.0,13.0,20.0,12.0
번영,219.0,240.0,434.0,91.0,72.0,352.0,74.0,50.0,315.0,453.0,102.0,153.0,175.0,153.0,155.0,164.0,75.0,153.0,87.0,489.0,57.0,44.0,266.0,43.0,119.0,8.0,79.0,15.0,157.0,41.0,38.0,56.0,184.0,68.0,11.0,39.0,178.0,31.0,78.0,35.0,26.0,115.0,67.0,0.0,44.0,62.0,16.0,10.0,42.0,227.0,40.0,7.0,71.0,39.0,22.0,5.0,24.0,34.0,23.0,26.0,17.0,52.0,51.0,161.0,89.0,126.0,2.0,26.0,40.0,26.0,0.0,6.0,24.0,80.0,35.0,62.0,1.0,81.0,22.0,92.0,13.0,2.0,38.0,9.0,22.0,11.0,38.0,21.0,123.0,20.0,24.0,47.0,83.0,8.0,150.0,52.0,54.0,17.0,0.0,43.0,24.0,14.0,129.0,37.0,90.0,27.0,8.0,202.0,26.0,27.0,13.0,42.0,20.0,29.0,42.0,5.0,6.0,2.0,28.0,6.0,0.0,10.0,27.0,19.0,14.0,24.0,13.0,9.0,9.0,18.0,23.0,25.0,1.0,9.0,20.0,34.0,8.0,32.0,33.0,19.0,97.0,46.0,9.0,33.0,18.0,16.0,90.0,3.0,29.0,5.0,5.0,7.0,2.0,18.0,48.0,20.0,17.0,9.0,57.0,8.0,2.0,42.0,8.0,11.0,12.0
